"alpha" <-
c(0.534064,0.089951,0.111706,0.136293,0.678652,0.495177,0.18971,0.495006,0.147608,0.054974,0.850713,0.56056,0.929609,0.696667,0.582791,0.815397,0.879014,0.988912,0.000522,0.865439,0.612566,0.98995,0.52768,0.479523,0.801348,0.227843,0.498094,0.900852,0.574661,0.845178,0.73864,0.585987,0.246735,0.666416,0.083483,0.62596,0.660945,0.729752,0.890752,0.982303,0.769029,0.581446,0.928313,0.58009,0.016983,0.12086,0.862711,0.484297,0.844856,0.209405,0.552291,0.629883,0.031991,0.614713,0.362411,0.049533,0.48957,0.19251,0.123084,0.205494,0.146515,0.189072,0.042652,0.635198,0.281867,0.538597,0.695163,0.499116,0.535801,0.445183,0.123932,0.490357,0.852998,0.873927,0.270294,0.208461,0.56498,0.640312,0.417029,0.205976,0.947933,0.082071,0.105709,0.142041,0.16646,0.620959,0.57371,0.052078,0.931201,0.728662,0.737842,0.063405,0.860441,0.934405,0.984398,0.858939,0.785559,0.513377,0.177602,0.398589,0.133931,0.03089,0.939142,0.301306,0.295534,0.332936,0.467068,0.648198,0.025228,0.842207,0.559033,0.8541,0.347879,0.446027,0.054239,0.177108,0.662808,0.330829,0.898486,0.118155,0.988418,0.539982,0.706917,0.999492,0.287849,0.414523,0.46484,0.763957,0.818204,0.100222,0.178117,0.359635,0.056705,0.521886,0.335849,0.175669,0.208947,0.905154,0.675391,0.468468,0.912132,0.104012,0.745546,0.736267,0.561861,0.184194,0.597211,0.299937,0.134123,0.212602,0.894942,0.071453,0.242487,0.053754,0.441722,0.013283,0.897191,0.196658,0.093371,0.307367,0.456058,0.101669,0.99539,0.332093,0.297347,0.062045,0.298244,0.046351,0.505428,0.761426,0.63107,0.089892,0.080862,0.777241,0.905135,0.533772,0.109154,0.825809,0.338098,0.293973,0.746313,0.010337,0.048447,0.667916,0.603468,0.526102,0.729709,0.707253,0.781377,0.287977,0.692532,0.55667,0.396521,0.061591,0.780176,0.337584,0.607866,0.741254,0.104813,0.127888,0.54954,0.485229,0.890476,0.79896,0.734341,0.051332,0.072885,0.088527,0.798351,0.943008,0.683716,0.132083,0.722725,0.110353,0.117493,0.640718,0.328814,0.653812,0.749131,0.583186,0.740032,0.234827,0.734958,0.970599,0.86693,0.086235,0.366437,0.369199,0.685028,0.597942,0.789364,0.367653,0.206028,0.086667,0.771934,0.205675,0.388272,0.551779,0.228953,0.641941,0.48448,0.151846,0.781932,0.100606,0.294066,0.237373,0.530872,0.091499,0.405315,0.104846,0.112284,0.784428,0.29157,0.603533,0.964423,0.432485,0.694752,0.758099,0.432642,0.655498,0.109755,0.93376,0.187461,0.266179,0.79783,0.487604,0.768958,0.396007,0.272939,0.037235,0.673295,0.429564,0.451739,0.609857,0.059403,0.315811,0.772722,0.696433,0.125332,0.130151,0.092352,0.00782,0.423109,0.655573,0.722923,0.531209,0.108818,0.631766,0.1265,0.134303,0.098594,0.142027,0.168251,0.196249,0.31748,0.316429,0.217563,0.251042,0.892922,0.703223,0.555738,0.184434,0.212031,0.077347,0.9138,0.706715,0.557789,0.313429,0.166204,0.622497,0.987935,0.170432,0.257792,0.396799,0.073995,0.684096,0.402388,0.982835,0.402184,0.620672,0.15437,0.381345,0.161134,0.758112,0.871111,0.350777,0.685536,0.294149,0.530629,0.832423,0.59749,0.335311,0.299225,0.452593,0.422646,0.359606,0.558319,0.742545,0.424335,0.429356,0.124873,0.024434,0.290185,0.317521,0.65369,0.956936,0.935731,0.457886,0.240478,0.763898,0.759327,0.740648,0.743688,0.10592,0.68156,0.463261,0.212163,0.098519,0.823574,0.17501,0.16357,0.665987,0.894389,0.516558,0.702702,0.15359,0.953457,0.540884,0.679734,0.036563,0.809204,0.748619,0.120187,0.525045,0.325834,0.546449,0.398881,0.415093,0.180738,0.255387,0.020536,0.923676,0.6537,0.932614,0.163512,0.921097,0.794658,0.577394,0.440036,0.257614,0.751946,0.228669,0.064187,0.76733,0.671202,0.715213,0.642061,0.419048,0.390762,0.81614,0.317428,0.81454,0.789074,0.852264,0.505637,0.635661,0.950894,0.443964,0.060019,0.86675,0.631189,0.355074,0.997003,0.224171,0.652451,0.604991,0.387245,0.142187,0.025135,0.421112,0.1841,0.725775,0.370363,0.84156,0.73423,0.571026,0.176855,0.957384,0.265322,0.924581,0.22377,0.373564,0.0875,0.640117,0.180617,0.045051,0.723173,0.347438,0.660617,0.383869,0.627347,0.02165,0.91057,0.800559,0.745847,0.813113,0.383306,0.617279,0.575495,0.530052,0.27507,0.248629,0.451639,0.227713,0.80445,0.986104,0.029992,0.535664,0.087077,0.802091,0.989145,0.066946,0.939398,0.018178,0.683839,0.783736,0.534138,0.885359,0.899005,0.625938,0.137869,0.217802,0.182141,0.04182,0.106942,0.616443,0.939661,0.354456,0.410629,0.984349,0.945579,0.676645,0.988302,0.766831,0.336699,0.662382,0.244165,0.295507,0.680178,0.527847,0.411594,0.602638,0.75052,0.583533,0.551793,0.583571,0.51182,0.082593,0.71957,0.996156,0.354534,0.971259,0.346449,0.886544,0.454695,0.413427,0.217732,0.125655,0.308915,0.726104,0.782872,0.693788,0.009802,0.843213,0.922332,0.770954,0.04266,0.378186,0.70434,0.729513,0.224277,0.269055,0.673031,0.477492,0.623716,0.236445,0.177124,0.829643,0.766922,0.934478,0.107889,0.182228,0.099095,0.489764,0.193245,0.895892,0.09909,0.044166,0.557295,0.772495,0.31194,0.178982,0.338956,0.210146,0.510153,0.906364,0.628924,0.101534,0.390855,0.054617,0.501283,0.431721,0.99756,0.811603,0.485652,0.894448,0.137547,0.390005,0.927356,0.917494,0.713574,0.618337,0.343288,0.936027,0.124774,0.730585,0.646477,0.833152,0.398282,0.749822,0.835221,0.32246,0.552262,0.979129,0.549309,0.330424,0.619472,0.360637,0.75651,0.413901,0.492345,0.694743,0.972734,0.327755,0.837803,0.739072,0.954174)

# This file was written for JAGS by STR2DATA on 14-Oct-2025 21:38:17.
