"alpha" <-
c(0.031923,0.356869,0.662654,0.281502,0.230383,0.711129,0.624573,0.590609,0.660438,0.047555,0.348785,0.451341,0.240905,0.715045,0.856182,0.281508,0.731051,0.137763,0.836723,0.138602,0.588209,0.366157,0.80676,0.503781,0.489594,0.877049,0.353142,0.449444,0.96353,0.042298,0.972958,0.189207,0.66712,0.58644,0.675112,0.361022,0.620278,0.811151,0.019257,0.083874,0.974802,0.65135,0.231238,0.403491,0.122021,0.268439,0.257846,0.331665,0.152234,0.348008,0.121658,0.884153,0.094278,0.930041,0.39902,0.047401,0.342374,0.735966,0.794682,0.544906,0.686223,0.893633,0.054792,0.303661,0.046192,0.195477,0.720166,0.721753,0.877799,0.582433,0.070684,0.922745,0.800372,0.285947,0.543663,0.984776,0.715678,0.83897,0.433261,0.470625,0.560713,0.269092,0.749018,0.503888,0.64681,0.307746,0.138725,0.475573,0.362459,0.788113,0.780296,0.668512,0.133504,0.021556,0.559841,0.300819,0.93941,0.980904,0.28662,0.80082,0.896111,0.597527,0.884017,0.943732,0.549158,0.728387,0.576758,0.025857,0.446531,0.646302,0.521203,0.372313,0.937135,0.829533,0.849085,0.372534,0.593185,0.872553,0.933502,0.668464,0.206776,0.653851,0.072052,0.406727,0.666932,0.933726,0.81095,0.484548,0.756749,0.417047,0.971786,0.987975,0.864148,0.388884,0.454742,0.246687,0.784423,0.882838,0.913712,0.558285,0.598868,0.148877,0.899713,0.450394,0.205672,0.899651,0.762586,0.882486,0.28495,0.673226,0.66428,0.122815,0.407318,0.275287,0.71667,0.283384,0.896199,0.826579,0.390027,0.497903,0.694805,0.834369,0.60963,0.574737,0.326042,0.456425,0.713796,0.884405,0.720856,0.018613,0.674776,0.438509,0.43782,0.117037,0.814682,0.324855,0.246228,0.342713,0.375692,0.546554,0.56192,0.395822,0.398131,0.515367,0.657531,0.950915,0.722349,0.40008,0.831871,0.134338,0.060467,0.084247,0.163898,0.32422,0.301727,0.011681,0.539905,0.095373,0.146515,0.631141,0.85932,0.974222,0.570838,0.99685,0.553542,0.515458,0.330682,0.430002,0.491806,0.071037,0.887739,0.064634,0.436185,0.82663,0.394535,0.613475,0.818641,0.886235,0.931112,0.190785,0.258582,0.897866,0.593362,0.50384,0.61281,0.819422,0.531889,0.202075,0.453893,0.427911,0.966053,0.620055,0.69539,0.720165,0.346895,0.51699,0.556695,0.156495,0.562056,0.694803,0.426456,0.83627,0.731387,0.360031,0.454212,0.38639,0.775555,0.734271,0.430278,0.693753,0.945213,0.784233,0.705572,0.109334,0.389931,0.590905,0.45938,0.05034,0.228688,0.834189,0.015645,0.863711,0.078069,0.669043,0.500211,0.217994,0.571616,0.122189,0.671166,0.599586,0.055976,0.056343,0.152501,0.019621,0.435176,0.832221,0.61739,0.520129,0.863868,0.097698,0.908052,0.108017,0.516997,0.143156,0.559371,0.00458,0.766682,0.848709,0.916821,0.986968,0.505133,0.271422,0.100751,0.507849,0.585609,0.762887,0.082963,0.661596,0.516979,0.171048,0.938558,0.590483,0.440635,0.941919,0.655914,0.451946,0.839697,0.532624,0.553887,0.680066,0.36719,0.239291,0.578923,0.866887,0.406777,0.112615,0.443846,0.300184,0.401387,0.833364,0.403629,0.390176,0.360449,0.140255,0.26013,0.086815,0.429397,0.257283,0.297555,0.424858,0.119207,0.495067,0.706407,0.243573,0.78507,0.07409,0.393883,0.003394,0.220677,0.001301,0.18918,0.142484,0.268076,0.174892,0.138649,0.598886,0.901058,0.93938,0.221184,0.482671,0.376011,0.52378,0.264873,0.068357,0.436327,0.173853,0.026107,0.954678,0.430597,0.961559,0.762414,0.007349,0.680039,0.705951,0.645129,0.55231,0.218109,0.772366,0.228028,0.370865,0.890929,0.856377,0.402434,0.318019,0.608635,0.910195,0.909098,0.591594,0.332571,0.853064,0.442398,0.904355,0.033179,0.532426,0.716497,0.179302,0.336533,0.187713,0.321927,0.403857,0.548566,0.048739,0.552732,0.274811,0.241502,0.243145,0.154159,0.956416,0.935661,0.818714,0.728262,0.175812,0.360371,0.18879,0.001198,0.31642,0.699617,0.625255,0.543062,0.439037,0.287427,0.501659,0.761546,0.762408,0.576056,0.747663,0.645535,0.12322,0.504398,0.347261,0.092148,0.147849,0.19817,0.67227,0.431511,0.694404,0.256785,0.009759,0.532283,0.279392,0.94623,0.906443,0.392685,0.024855,0.671437,0.837171,0.9715,0.056933,0.450324,0.58247,0.686638,0.719433,0.650041,0.726915,0.373848,0.581582,0.116119,0.057654,0.979765,0.284824,0.594974,0.962161,0.185778,0.19304,0.341644,0.932898,0.390668,0.273217,0.151947,0.397109,0.374722,0.131115,0.435041,0.091513,0.614627,0.010979,0.57326,0.78973,0.235367,0.44802,0.569358,0.061401,0.496289,0.642315,0.221266,0.837056,0.971075,0.846373,0.505999,0.278876,0.746617,0.23693,0.957345,0.62026,0.600262,0.172605,0.090347,0.255262,0.858571,0.911067,0.699634,0.725182,0.229886,0.576053,0.810628,0.403843,0.988439,0.089999,0.320941,0.511409,0.060606,0.725688,0.556556,0.52936,0.829982,0.858759,0.789029,0.317833,0.452207,0.752228,0.109862,0.109742,0.269884,0.524637,0.972651,0.710409,0.31186,0.291457,0.850357,0.911647,0.639276,0.25537,0.088666,0.838256,0.584719,0.948109,0.061029,0.584641,0.285108,0.827732,0.190986,0.44253,0.393412,0.826574,0.676871,0.207603,0.318105,0.133811,0.671463,0.570991,0.169767,0.147656,0.47608,0.908102,0.552175,0.03294,0.053863,0.805063,0.451375,0.382646,0.789644,0.364287,0.53235,0.711657,0.871477,0.32869,0.650118,0.974836,0.075967,0.587019,0.413886,0.309136,0.263834,0.758766,0.995216,0.186571,0.781145,0.195798,0.992359,0.802262,0.424227,0.728864,0.498354,0.80899,0.356509,0.073243,0.590991,0.910188,0.193766,0.432368,0.74916,0.039184,0.946325,0.763673,0.558821,0.183843,0.497949)

# This file was written for JAGS by STR2DATA on 14-Oct-2025 21:38:17.
