"nStimuli" <-
1260
"nPeople" <-
587
"nTrials" <-
7845
"person" <-
c(11,82,155,194,283,332,466,194,226,227,501,567,155,226,227,261,528,530,567,581,131,145,194,195,226,413,116,133,194,226,255,261,535,13,14,91,120,208,10,94,194,227,567,583,114,156,194,226,567,82,94,226,508,583,38,117,194,227,321,55,151,177,194,327,535,227,307,314,329,508,546,31,36,115,198,214,10,21,37,194,226,14,116,124,215,226,227,157,165,194,354,462,567,67,159,194,226,351,505,508,516,349,530,544,567,579,45,137,168,383,415,14,32,194,567,579,194,226,261,304,426,583,21,23,165,194,445,531,174,179,194,279,484,535,563,567,38,141,165,179,194,195,261,357,416,541,567,13,24,157,212,227,256,261,347,37,66,174,470,567,176,227,484,530,567,587,47,84,141,505,567,199,226,399,508,567,41,194,226,363,386,488,567,194,226,261,332,560,567,583,73,111,124,158,194,209,225,567,73,136,194,223,332,390,497,7,55,170,194,261,413,508,530,124,125,145,223,227,307,488,508,530,39,180,209,318,521,106,160,362,366,546,50,73,93,165,401,567,38,47,194,226,521,550,21,116,180,194,530,13,41,137,194,227,506,508,13,227,483,500,567,11,55,156,274,492,560,136,147,156,194,386,575,160,207,226,530,567,42,79,194,385,542,42,47,73,194,231,251,357,389,79,108,194,218,579,38,73,179,194,226,357,440,68,194,226,227,394,567,66,124,252,278,508,567,579,136,194,226,227,232,347,434,567,38,82,156,157,194,226,243,279,360,441,497,537,32,168,190,226,567,36,55,116,131,133,387,38,194,324,543,567,45,159,226,227,259,13,38,156,194,226,263,386,194,227,351,530,555,106,194,227,426,567,30,41,159,194,198,300,47,76,226,261,546,567,23,226,537,564,567,116,146,194,215,332,401,156,194,221,375,497,506,508,562,103,107,117,165,176,309,362,368,556,10,177,194,226,278,543,579,194,227,505,530,579,20,38,99,159,190,226,359,543,80,156,194,195,226,227,283,350,55,73,226,482,497,546,567,14,156,337,399,583,66,177,194,195,543,61,73,177,225,278,391,586,13,364,530,546,567,66,226,528,530,537,40,177,194,279,567,156,195,505,566,567,36,38,116,214,567,3,177,194,340,484,14,21,92,234,261,356,492,567,20,72,107,156,194,226,227,579,155,177,194,226,261,477,20,41,55,99,118,177,194,79,226,261,500,506,567,156,192,226,300,581,585,38,136,189,194,560,66,103,226,528,546,11,191,194,195,226,363,567,579,165,194,360,530,540,543,567,583,15,55,136,226,468,530,546,67,106,118,194,261,296,567,579,27,55,73,114,124,133,259,347,405,13,38,120,194,546,586,194,226,261,320,462,497,530,10,11,53,97,106,191,203,226,417,567,27,146,214,372,386,123,135,194,227,472,567,154,194,205,530,567,13,73,113,188,583,96,155,177,356,447,546,55,82,169,226,234,265,363,370,142,332,399,567,569,579,55,165,194,219,332,446,583,40,55,89,194,226,567,583,13,42,102,194,277,226,305,540,555,567,583,17,194,209,448,567,73,227,391,490,505,511,11,191,226,227,318,401,120,139,214,315,537,583,586,13,194,356,383,497,502,555,11,61,89,118,177,196,261,357,567,62,194,357,363,436,488,497,579,583,21,194,261,465,530,567,13,226,505,511,567,38,66,154,194,363,392,544,583,116,156,181,194,227,567,13,157,194,376,502,68,90,226,364,505,516,530,39,79,114,194,445,542,22,165,177,227,296,55,62,103,194,227,396,530,55,102,116,133,209,332,446,497,10,14,58,226,356,401,557,76,156,194,360,497,520,530,88,131,159,194,226,579,13,29,73,97,145,194,198,226,440,14,120,149,195,226,11,68,194,227,230,348,567,135,156,165,195,483,567,113,194,226,227,337,356,530,9,177,194,261,322,405,567,137,177,179,194,505,526,530,73,136,156,194,573,73,102,324,457,535,42,194,226,227,362,504,508,543,546,583,123,226,236,273,546,110,345,393,530,583,11,198,209,226,279,313,362,401,579,14,177,194,226,261,386,532,60,155,165,194,483,543,41,177,194,363,530,4,34,112,194,226,261,314,450,41,61,227,261,316,459,544,567,8,132,226,486,508,562,567,107,176,177,194,223,227,567,583,103,240,530,567,579,20,73,226,427,558,81,154,194,397,426,14,38,55,73,99,194,234,375,20,38,55,177,194,226,530,99,117,177,227,298,370,401,567,10,169,226,516,567,583,13,160,226,337,579,11,194,227,362,530,156,226,301,385,443,567,11,165,345,519,567,42,174,194,566,567,14,116,146,521,567,11,55,69,110,159,411,443,533,38,55,67,194,226,530,583,90,138,194,226,346,536,543,567,95,156,178,179,195,344,441,543,546,89,112,250,286,287,375,530,567,13,112,156,169,191,226,296,401,249,401,548,566,567,157,195,226,516,530,79,133,476,497,542,194,226,308,567,579,50,55,99,177,194,209,226,257,337,506,530,14,55,194,205,332,567,583,10,38,179,227,432,567,583,41,357,385,389,530,566,3,116,136,226,567,14,133,194,508,537,133,226,530,544,567,103,156,227,379,472,583,195,226,259,472,567,73,92,131,194,227,567,165,194,208,216,258,356,386,416,508,530,567,41,192,226,261,280,408,416,530,567,13,41,55,155,205,227,14,100,194,226,298,362,508,567,177,194,203,337,450,38,68,156,247,560,576,13,38,180,194,278,556,13,179,194,226,471,567,194,227,505,530,567,55,194,198,226,261,462,567,41,55,90,140,177,226,266,497,46,194,226,234,530,567,21,32,38,156,177,194,359,497,567,11,58,68,194,211,282,386,451,482,506,585,79,194,227,373,567,190,227,546,567,583,79,177,194,226,490,92,109,130,194,227,371,567,88,177,227,378,530,143,146,194,226,530,21,100,156,194,198,226,242,261,274,391,416,543,136,168,226,261,542,566,10,180,194,226,337,422,431,508,41,58,162,194,227,281,567,145,189,194,216,226,291,386,125,139,165,177,566,583,156,177,180,227,505,508,554,20,38,42,95,160,452,508,543,21,82,107,194,240,92,194,195,226,357,579,13,194,226,324,546,16,154,194,345,374,567,586,16,30,133,209,261,567,58,79,156,209,264,328,450,536,567,79,133,177,194,567,73,165,211,226,337,530,567,61,156,165,194,569,92,155,177,194,226,278,567,13,38,73,194,226,516,543,567,583,7,133,194,237,261,489,528,554,586,35,194,226,303,579,38,55,93,137,194,261,264,497,546,177,194,226,261,373,416,497,567,38,116,125,156,261,546,165,194,227,363,395,567,20,155,552,567,579,40,71,116,198,208,226,227,567,13,98,158,508,583,108,194,252,497,567,575,141,194,231,278,397,118,226,227,251,323,347,530,123,155,194,227,505,118,172,226,227,261,377,567,579,225,261,332,465,508,546,567,581,156,177,199,226,227,82,156,442,506,520,567,66,114,177,505,567,26,41,156,177,525,117,194,209,505,567,66,113,156,179,226,402,462,13,41,61,177,356,401,535,21,51,117,125,135,157,194,198,346,530,14,55,194,226,356,373,416,543,30,92,135,177,181,194,226,177,208,353,426,567,66,106,156,189,197,226,537,584,21,41,177,226,534,567,67,165,175,194,226,508,530,567,73,75,117,121,194,567,41,66,72,162,194,226,227,567,13,42,198,258,261,274,447,35,41,73,194,261,488,543,567,68,124,162,401,511,546,122,194,205,209,250,426,13,156,194,567,579,20,41,51,119,156,189,194,363,506,567,11,506,511,529,530,567,145,159,226,386,530,554,13,92,177,194,362,13,20,194,226,227,567,374,530,550,567,583,38,226,274,296,508,518,567,176,194,246,468,567,112,131,542,567,579,38,136,154,226,296,306,579,146,179,194,227,401,567,10,180,342,506,513,543,567,136,214,226,419,542,21,194,226,266,517,20,73,226,535,558,567,583,73,79,279,347,513,38,79,107,180,508,567,13,41,194,248,262,47,176,194,227,232,488,509,567,10,13,73,162,194,23,198,226,508,567,11,41,168,492,569,38,47,56,226,458,567,41,82,106,194,227,401,412,494,56,162,194,226,508,555,567,583,76,94,282,476,567,583,177,194,226,227,357,442,530,73,194,198,227,474,476,567,21,41,194,226,293,437,447,518,529,567,38,165,194,227,300,41,43,177,194,226,322,567,38,162,194,226,227,287,314,338,10,68,156,194,227,447,567,73,194,220,223,226,518,528,567,584,99,194,226,314,347,355,94,107,194,226,358,567,579,10,226,227,362,497,136,177,226,322,542,41,47,156,159,194,226,444,554,555,567,76,156,194,226,259,79,103,149,226,337,125,156,226,278,426,567,13,198,226,227,558,21,162,177,199,217,3,67,194,234,261,505,555,11,38,55,57,227,233,535,543,567,40,46,66,226,261,279,294,299,334,511,567,21,154,226,227,360,385,38,194,246,261,357,543,557,567,114,115,194,530,567,156,233,508,530,567,11,190,207,226,227,277,288,529,546,567,94,194,227,384,530,10,11,195,275,546,567,133,147,177,322,401,497,38,55,166,261,362,505,567,46,118,177,194,497,508,555,567,581,112,194,197,227,356,359,530,559,567,10,116,177,179,194,405,20,154,156,195,426,567,112,146,194,567,583,36,73,92,226,432,447,107,227,396,530,567,2,61,92,127,158,177,226,10,154,194,226,324,497,47,118,145,194,