"alpha" <-
c(0.517846,0.994243,0.854852,0.962404,0.678941,0.403501,0.934979,0.479485,0.231792,0.39629,0.705077,0.558559,0.756631,0.995481,0.962431,0.535067,0.96387,0.115626,0.051448,0.304349,0.580192,0.530964,0.901208,0.54055,0.431981,0.542667,0.712415,0.016675,0.800921,0.142509,0.478474,0.256835,0.369092,0.661765,0.169609,0.278784,0.198222,0.195072,0.32684,0.880338,0.471102,0.403969,0.179231,0.968925,0.407456,0.844487,0.615325,0.376611,0.877182,0.784852,0.464954,0.813977,0.898444,0.429239,0.334329,0.596647,0.901991,0.702066,0.377455,0.734956,0.954103,0.542813,0.540106,0.31111,0.071235,0.18198,0.092989,0.463489,0.009333,0.915026,0.642742,0.001419,0.030385,0.20847,0.454966,0.127266,0.008648,0.72708,0.354116,0.780446,0.436657,0.436555,0.049213,0.049632,0.0911,0.594037,0.241084,0.841369,0.857213,0.963612,0.4889,0.22031,0.226209,0.536788,0.76211,0.347567,0.461232,0.639324,0.917336,0.161573,0.715635,0.577739,0.433299,0.884243,0.393052,0.178975,0.633334,0.624001,0.327942,0.802965,0.999478,0.980978,0.127037,0.23224,0.023632,0.607433,0.110809,0.40746,0.884077,0.548133,0.369003,0.208346,0.440943,0.956196,0.124026,0.470763,0.856896,0.04339,0.691625,0.978985,0.283268,0.13378,0.68528,0.909455,0.610869,0.899983,0.193434,0.754425,0.346261,0.418625,0.15572,0.819001,0.624924,0.73856,0.805112,0.067223,0.95079,0.497577,0.755146,0.742405,0.83113,0.156502,0.457309,0.6181,0.932183,0.835088,0.895424,0.582519,0.582747,0.854926,0.034866,0.88542,0.407731,0.036382,0.746148,0.154829,0.143908,0.605959,0.254481,0.324154,0.401791,0.406373,0.386191,0.609802,0.166891,0.188092,0.094629,0.323186,0.769597,0.234118,0.740365,0.692818,0.824078,0.827978,0.293368,0.309369,0.52303,0.325299,0.831843,0.810295,0.556998,0.262964,0.680566,0.233653,0.456425,0.384567,0.538601,0.991704,0.75522,0.980455,0.234783,0.528559,0.051436,0.756875,0.60198,0.857169,0.988277,0.929484,0.409515,0.000341,0.540878,0.207731,0.219284,0.325806,0.095949,0.747534,0.748509,0.543299,0.338132,0.832334,0.552572,0.957543,0.892833,0.356504,0.546402,0.346682,0.622803,0.796625,0.745875,0.125536,0.822394,0.025151,0.414429,0.731407,0.781374,0.367286,0.744868,0.892267,0.242603,0.129597,0.225068,0.350014,0.287085,0.927488,0.051314,0.592667,0.162899,0.838406,0.167561,0.502201,0.999329,0.355407,0.047078,0.213661,0.397839,0.333668,0.229603,0.93612,0.683189,0.962114,0.437973,0.940337,0.005834,0.610307,0.801076,0.232982,0.932469,0.763263,0.82645,0.573464,0.792582,0.329041,0.223462,0.312386,0.584523,0.829914,0.290462,0.402554,0.862057,0.61474,0.991188,0.203699,0.827209,0.675862,0.248949,0.475786,0.399075,0.599438,0.800523,0.105069,0.821442,0.841086,0.354506,0.430069,0.572239,0.700825,0.74247,0.757884,0.389129,0.429302,0.956345,0.572971,0.849722,0.276345,0.622324,0.588362,0.963468,0.085903,0.500499,0.52159,0.090166,0.904666,0.884389,0.43899,0.781723,0.148465,0.619816,0.260624,0.445656,0.844,0.196205,0.303852,0.483295,0.337812,0.798486,0.987488,0.159048,0.23688,0.702237,0.375472,0.973705,0.972306,0.643698,0.860099,0.401883,0.631931,0.985237,0.559477,0.933592,0.720343,0.484039,0.639031,0.887637,0.198737,0.395366,0.992175,0.402352,0.658856,0.901348,0.995382,0.653163,0.108436,0.036114,0.618091,0.567144,0.961965,0.746105,0.662516,0.523313,0.259894,0.961994,0.540204,0.03027,0.696314,0.519716,0.059031,0.890036,0.330202,0.229701,0.113949,0.310923,0.228432,0.651997,0.06616,0.275431,0.28182,0.880066,0.44433,0.755914,0.603296,0.783266,0.113931,0.978564,0.848597,0.050646,0.466202,0.325653,0.630205,0.230299,0.579885,0.603156,0.599879,0.448428,0.035423,0.513815,0.40773,0.108046,0.459876,0.450883,0.55114,0.805404,0.70085,0.872236,0.052192,0.219681,0.459642,0.958534,0.790045,0.451875,0.333428,0.059095,0.740905,0.506795,0.199925,0.427194,0.16869,0.751695,0.368351,0.941818,0.017173,0.829056,0.626591,0.538747,0.650508,0.72663,0.094489,0.877574,0.014362,0.294303,0.179915,0.926294,0.06818,0.581093,0.637151,0.651269,0.864622,0.055953,0.816855,0.528922,0.694351,0.212405,0.54328,0.70252,0.956435,0.444542,0.085398,0.05734,0.62945,0.796179,0.691191,0.345308,0.946817,0.52019,0.953813,0.073596,0.207032,0.775028,0.914188,0.782551,0.295534,0.151846,0.847911,0.784855,0.270832,0.227811,0.321023,0.829562,0.822182,0.570683,0.57183,0.286018,0.699134,0.796258,0.441589,0.446216,0.465662,0.279039,0.675375,0.903665,0.908526,0.747197,0.260512,0.689638,0.131831,0.123501,0.190903,0.145732,0.585044,0.073362,0.822326,0.722903,0.925858,0.492639,0.654883,0.890123,0.538526,0.282205,0.975958,0.036426,0.326245,0.973014,0.365033,0.30915,0.120912,0.915766,0.135478,0.332118,0.89748,0.499649,0.615288,0.583133,0.698254,0.029332,0.527883,0.032073,0.827142,0.339986,0.846711,0.24607,0.581491,0.937677,0.047787,0.053978,0.020618,0.681479,0.598629,0.11403,0.796245,0.617851,0.070214,0.069279,0.136007,0.788891,0.092398,0.237869,0.243648,0.104822,0.858353,0.6982,0.733742,0.650531,0.516271,0.326388,0.661776,0.117565,0.147817,0.019765,0.964292,0.970373,0.123861,0.46741,0.656694,0.290186,0.754537,0.558118,0.427793,0.267194,0.753736,0.898376,0.728444,0.40683,0.938316,0.255427,0.533163,0.954755,0.267748,0.250085,0.927673,0.068582,0.2994,0.591584,0.203299,0.635883,0.79837,0.501701,0.650812,0.795955,0.233374,0.600839,0.112462,0.515766,0.837841,0.92079,0.498228,0.277611,0.65252,0.917299)

# This file was written for JAGS by STR2DATA on 14-Oct-2025 21:38:17.
