"alpha" <-
structure(c(0.249348,0.599812,0.713504,0.192414,0.47716,0.358522,0.46072,0.233355,0.470009,0.840975,0.074051,0.454331,0.771664,0.352561,0.18487,0.865666,0.52197,0.678033,0.287779,0.24781,0.294799,0.766948,0.660001,0.024163,0.205112,0.091993,0.601165,0.509591,0.044354,0.939737,0.000214,0.597484,0.5871,0.728856,0.231336,0.254454,0.847766,0.46386,0.272092,0.649995,0.667625,0.86101,0.016869,0.182114,0.841675,0.569678,0.560869,0.521545,0.257859,0.818376,0.145291,0.132574,0.508868,0.204567,0.213635,0.181685,0.167524,0.020505,0.915455,0.003514,0.665102,0.261239,0.311838,0.766526,0.379722,0.729665,0.520704,0.278749,0.494245,0.599938,0.813058,0.342332,0.266281,0.130721,0.671972,0.191792,0.574591,0.049955,0.305199,0.057935,0.339695,0.069699,0.069814,0.473486,0.012434,0.09811,0.277141,0.543343,0.170129,0.173846,0.589794,0.652969,0.54555,0.739929,0.217507,0.298288,0.715887,0.156962,0.585081,0.064186,0.40943,0.368508,0.566607,0.909766,0.548923,0.727868,0.067441,0.734524,0.647061,0.792994,0.731073,0.997145,0.986459,0.366223,0.117011,0.315068,0.76183,0.244522,0.949829,0.980505,0.896209,0.456925,0.898697,0.870485,0.896652,0.862196,0.360371,0.546456,0.536928,0.177666,0.195239,0.244365,0.534709,0.789559,0.879891,0.934137,0.257183,0.860861,0.036559,0.393357,0.788796,0.897233,0.596056,0.627934,0.377579,0.17958,0.741004,0.777089,0.554615,0.847487,0.554527,0.788786,0.260135,0.718836,0.522685,0.683482,0.474223,0.649583,0.513633,0.699035,0.608688,0.075891,0.854184,0.414973,0.247977,0.161392,0.791724,0.507525,0.269297,0.302928,0.874738,0.403342,0.881859,0.265662,0.448208,0.247043,0.060422,0.281764,0.957997,0.331453,0.830887,0.218309,0.549691,0.641918,0.206435,0.886184,0.341841,0.808747,0.039584,0.647799,0.04748,0.880089,0.033176,0.092574,0.66429,0.672659,0.978186,0.058851,0.614263,0.54502,0.287964,0.018356,0.590668,0.103778,0.433497,0.093604,0.944693,0.787582,0.792175,0.980207,0.102102,0.024188,0.434334,0.292877,0.776823,0.471241,0.719486,0.892616,0.791704,0.145545,0.233088,0.703386,0.377576,0.026104,0.815409,0.092312,0.790202,0.484779,0.667869,0.658694,0.556122,0.98232,0.353565,0.875706,0.085424,0.297828,0.156633,0.58208,0.593078,0.482059,0.026739,0.30615,0.995444,0.162214,0.294947,0.160285,0.067737,0.380109,0.251237,0.40806,0.860823,0.55251,0.809769,0.183197,0.672648,0.196292,0.431728,0.487042,0.699525,0.525206,0.847112,0.641511,0.515145,0.966234,0.468486,0.963608,0.05629,0.443011,0.886416,0.605702,0.576164,0.775325,0.673482,0.368243,0.715847,0.108395,0.82882,0.838402,0.213159,0.477972,0.794253,0.798556,0.222533,0.918612,0.264277,0.026888,0.52474,0.064677,0.429638,0.523839,0.076025,0.426665,0.441688,0.943186,0.177862,0.589196,0.688527,0.338626,0.356365,0.459428,0.866066,0.4536,0.22129,0.792358,0.784011,0.522165,0.653424,0.087288,0.217981,0.722764,0.37357,0.187431,0.622423,0.397718,0.884611,0.030706,0.408238,0.385545,0.556589,0.868876,0.306852,0.441156,0.818469,0.184644,0.96542,0.073239,0.711872,0.459772,0.380417,0.760763,0.463475,0.089828,0.298736,0.107176,0.344355,0.456393,0.33912,0.285436,0.381759,0.960559,0.706528,0.406024,0.876608,0.17707,0.949855,0.676213,0.509994,0.723941,0.165767,0.196498,0.574744,0.996874,0.819884,0.287154,0.075506,0.54786,0.835803,0.017083,0.651646,0.714,0.474636,0.108352,0.9599,0.515721,0.618753,0.065766,0.017014,0.135816,0.473975,0.793655,0.025011,0.899765,0.927038,0.901823,0.552528,0.780773,0.644194,0.332963,0.104424,0.442903,0.140378,0.856415,0.668481,0.200018,0.986089,0.788932,0.45179,0.596356,0.600402,0.976611,0.980795,0.684467,0.803278,0.301561,0.103679,0.900138,0.320314,0.633334,0.45777,0.389303,0.582487,0.865995,0.956771,0.627928,0.154245,0.328832,0.677403,0.909819,0.74805,0.027867,0.918683,0.151477,0.669595,0.557237,0.978666,0.033389,0.745144,0.154182,0.131577,0.085408,0.194537,0.316566,0.505893,0.311197,0.742765,0.990489,0.711551,0.728402,0.891144,0.838051,0.419909,0.089238,0.393536,0.483535,0.054435,0.412367,0.649169,0.907073,0.557542,0.455259,0.056671,0.620416,0.913802,0.074285,0.471507,0.360546,0.305593,0.17437,0.350669,0.943601,0.017439,0.349023,0.233187,0.564227,0.61803,0.110119,0.563952,0.755254,0.33285,0.778569,0.872751,0.103682,0.639286,0.323344,0.020017,0.665448,0.871203,0.475284,0.463938,0.920677,0.526716,0.680376,0.188368,0.135725,0.425494,0.870893,0.810425,0.967521,0.224624,0.532516,0.386515,0.214667,0.770778,0.999386,0.250479,0.068608,0.402259,0.737156,0.792916,0.679791,0.731787,0.242628,0.927915,0.51737,0.368508,0.319235,0.559521,0.672754,0.321244,0.33202,0.006827,0.534098,0.492389,0.9304,0.400736,0.642086,0.200613,0.299283,0.050342,0.432844,0.948086,0.486364,0.63522,0.50421,0.635357,0.911094,0.47175,0.022222,0.929813,0.769966,0.874903,0.970798,0.355022,0.797807,0.953021,0.890689,0.302116,0.058072,0.891634,0.82886,0.077489,0.762138,0.452305,0.751931,0.507531,0.761094,0.687528,0.756658,0.315702,0.510009,0.363649,0.227998,0.749987,0.369348,0.895116,0.534904,0.025246,0.708175,0.479237,0.740934,0.165467,0.327708,0.705905,0.058334,0.583117,0.021254,0.3851,0.593472,0.09049,0.709143,0.759733,0.7775,0.683489,0.222837,0.471942,0.394778,0.476875,0.691072,0.464716,0.707506,0.21579,0.254862,0.032444,0.789162,0.204704,0.317549,0.394576,0.315068,0.828211,0.456656,0.1126,0.094474,0.498706,0.292454,0.583993,0.037065,0.789719,0.731408,0.674846,0.241075,0.669455,0.869333,0.706772,0.718358,0.9861,0.97771,0.885466,0.352388,0.463073,0.209556,0.51796,0.588002,0.493975,0.839373,0.062019,0.269493,0.705941,0.771317,0.12021,0.481265,0.408885,0.501615,0.32088,0.609788,0.408236,0.891629,0.774457,0.354123,0.995211,0.365251,0.572232,0.982989,0.059103,0.233601,0.511428,0.211162,0.69287,0.10984,0.442996,0.888108,0.312339,0.70119,0.016619,0.377917,0.685911,0.663308,0.778446,0.064466,0.723955,0.312833,0.954646,0.867272,0.88294,0.896868,0.199586,0.503319,0.526792,0.586807,0.906538,0.77757,0.671613,0.06477,0.502751,0.075803,0.55022,0.53257,0.257778,0.106156,0.772321,0.423994,0.811353,0.948055,0.129272,0.060684,0.378109,0.456678,0.865417,0.702039,0.566923,0.122582,0.275077,0.756406,0.187831,0.233973,0.313709,0.977674,0.719842,0.949341,0.705437,0.815867,0.402681,0.365735,0.205231,0.500987,0.91571,0.212235,0.177357,0.021728,0.422664,0.62717,0.954762,0.085627,0.574382,0.622769,0.132235,0.599016,0.185589,0.835185,0.252653,0.321575,0.249695,0.374105,0.795356,0.702872,0.524636,0.782827,0.076436,0.593173,0.156218,0.585852,0.954155,0.645721,0.846538,0.859099,0.568649,0.60688,0.459708,0.628312,0.715006,0.248835,0.674699,0.447307,0.071655,0.710829,0.101813,0.246225,0.454313,0.239875,0.162338,0.525195,0.006359,0.7275,0.813388,0.29775,0.425342,0.612793,0.588781,0.328106,0.857919,0.77771,0.917904,0.454576,0.934127,0.604851,0.419412,0.9592,0.342127,0.866926,0.109961,0.005853,0.587531,0.369188,0.515053,0.76835,0.290243,0.971655,0.437805,0.652883,0.884484,0.257334,0.834303,0.938018,0.857191,0.242036,0.121959,0.128399,0.42872,0.376951,0.066271,0.181359,0.804316,0.083502,0.917031,0.464814,0.096934,0.712257,0.890769,0.503931,0.803389,0.2593,0.349864,0.278531,0.731887,0.619208,0.859153,0.998002,0.390018,0.268624,0.330495,0.330682,0.604693,0.185384,0.179237,0.548683,0.499546,0.178086,0.688374,0.601504,0.699445,0.409698,0.794186,0.740305,0.702248,0.076212,0.368344,0.445317,0.68925,0.01263,0.632956,0.341219,0.373364,0.792421,0.273763,0.981998,0.147771,0.745654,0.666333,0.652928,0.408637,0.277276,0.888285,0.101966,0.682307,0.084134,0.79781,0.751033,0.193023,0.021191,0.012363,0.222843,0.915902,0.660885,0.71489,0.683633,0.525224,0.613537,0.335121,0.513174,0.086414,0.012011,0.520823,0.805333,0.630666,0.114396,0.393785,0.302108,0.775692,0.967238,0.138476,0.270854,0.921728,0.778808,0.68039,0.931669,0.239795,0.769082,0.2009,0.044898,0.487614,0.340765,0.410258,0.316977,0.765154,0.36464,0.452835,0.944735,0.120513,0.357783,0.378,0.181639,0.722419,0.607478,0.996535,0.538639,0.64731,0.918827,0.730976,0.590518,0.463444,0.320512,0.533727,0.128834,0.308359,0.622193,0.163552,0.194265,0.898457,0.811716,0.748022,0.012645,0.991093,0.616455,0.579649,0.580499,0.616365,0.64935,0.158406,