"alpha" <-
structure(c(0.734797,0.186181,0.665327,0.536921,0.779903,0.437629,0.74889,0.119894,0.629855,0.299572,0.932961,0.699638,0.418721,0.320204,0.246297,0.213238,0.514321,0.652151,0.066111,0.25109,0.817575,0.986409,0.138953,0.674272,0.382,0.215742,0.625766,0.331434,0.673158,0.035207,0.912957,0.745024,0.358624,0.901454,0.378425,0.058095,0.26718,0.961827,0.421659,0.145372,0.586241,0.07636,0.247608,0.024001,0.012304,0.731279,0.578255,0.530682,0.390783,0.144481,0.483481,0.745479,0.823981,0.479912,0.019745,0.235051,0.931494,0.279531,0.700682,0.420052,0.281356,0.273214,0.93535,0.308003,0.097416,0.104389,0.323175,0.456733,0.536339,0.444544,0.892642,0.962157,0.276282,0.747778,0.21057,0.506195,0.485224,0.539508,0.154862,0.900084,0.253676,0.939278,0.178277,0.011519,0.160843,0.037758,0.183725,0.323801,0.525425,0.164666,0.956474,0.520482,0.769917,0.104672,0.063264,0.125426,0.994564,0.76392,0.009508,0.882584,0.670473,0.818168,0.469855,0.867325,0.343681,0.559718,0.680597,0.78104,0.504936,0.838716,0.804972,0.886051,0.190612,0.073893,0.538679,0.699636,0.014621,0.454125,0.244688,0.859214,0.304953,0.05691,0.046409,0.162873,0.946324,0.499578,0.83236,0.45589,0.776374,0.208181,0.138587,0.367278,0.621454,0.744388,0.046877,0.935139,0.726573,0.969562,0.519056,0.092692,0.394497,0.019721,0.341892,0.663513,0.953998,0.165172,0.333008,0.026117,0.825013,0.317969,0.52267,0.476112,0.779941,0.454122,0.631475,0.820503,0.429334,0.748591,0.556164,0.636343,0.407133,0.972982,0.465721,0.231459,0.118739,0.687532,0.424163,0.002032,0.572098,0.137052,0.659371,0.161699,0.731341,0.585111,0.014334,0.374,0.789747,0.39646,0.446019,0.351358,0.920594,0.7121,0.600281,0.863217,0.742319,0.497061,0.380762,0.870433,0.75586,0.310473,0.666446,0.57731,0.874847,0.759249,0.298218,0.453802,0.259005,0.997972,0.107151,0.394181,0.704686,0.233662,0.660804,0.035639,0.913873,0.807941,0.901837,0.022519,0.895686,0.864911,0.373309,0.474477,0.720628,0.145919,0.410763,0.737851,0.468657,0.666807,0.522231,0.118969,0.887379,0.94821,0.081069,0.021036,0.67371,0.980745,0.855039,0.248755,0.334906,0.529098,0.460991,0.618586,0.677466,0.20798,0.516864,0.96189,0.84188,0.22304,0.111015,0.673661,0.725794,0.657336,0.954595,0.01457,0.390372,0.944053,0.823179,0.80277,0.82632,0.075484,0.848277,0.199301,0.12972,0.278556,0.301026,0.88407,0.610707,0.902894,0.650896,0.302355,0.433305,0.584008,0.899097,0.138455,0.782707,0.045478,0.344347,0.744864,0.866757,0.994809,0.261929,0.739426,0.209559,0.550453,0.11393,0.994094,0.805209,0.492939,0.580159,0.961024,0.754276,0.318273,0.106928,0.197125,0.506465,0.026947,0.745877,0.018959,0.655546,0.233009,0.979484,0.879036,0.616198,0.079646,0.786248,0.947288,0.073802,0.119819,0.699419,0.160837,0.962108,0.664544,0.431181,0.698919,0.947754,0.227267,0.048861,0.034739,0.395222,0.540069,0.283958,0.87006,0.406774,0.829163,0.981106,0.114346,0.923898,0.845966,0.090093,0.005261,0.280135,0.371061,0.483455,0.730017,0.569214,0.642827,0.356283,0.739986,0.164891,0.899605,0.224662,0.81554,0.612765,0.386828,0.409138,0.974924,0.298378,0.005923,0.361069,0.774307,0.445793,0.599156,0.015349,0.724561,0.263218,0.270793,0.626327,0.569096,0.135262,0.890911,0.581998,0.243288,0.843062,0.103601,0.515377,0.443442,0.618534,0.862589,0.7972,0.297635,0.252065,0.013639,0.284341,0.388601,0.87969,0.809833,0.987016,0.910369,0.360044,0.772052,0.907283,0.296399,0.796196,0.489804,0.088787,0.437811,0.568499,0.570505,0.976638,0.174925,0.180568,0.156491,0.304934,0.322186,0.840419,0.263227,0.935118,0.98413,0.419181,0.071233,0.77405,0.390589,0.053037,0.538245,0.518452,0.203652,0.056496,0.267699,0.919272,0.842296,0.517582,0.757212,0.998157,0.619289,0.480181,0.25722,0.111734,0.30917,0.11391,0.472205,0.701778,0.932295,0.934091,0.496442,0.278952,0.293874,0.723261,0.059898,0.197511,0.540541,0.499043,0.565163,0.080732,0.032318,0.594238,0.704846,0.526069,0.937766,0.973946,0.893064,0.52787,0.480699,0.221565,0.342437,0.650341,0.225648,0.594774,0.453391,0.71374,0.714394,0.068696,0.460711,0.351645,0.473437,0.961156,0.741861,0.075403,0.517125,0.280633,0.417536,0.899546,0.666208,0.096916,0.04769,0.838991,0.487227,0.950011,0.109038,0.586292,0.258836,0.392692,0.95156,0.727393,0.808168,0.428899,0.504405,0.821919,0.850874,0.828117,0.887791,0.084859,0.644709,0.705773,0.90044,0.795572,0.410017,0.177868,0.591472,0.48635,0.56373,0.276222,0.863946,0.603625,0.630858,0.156327,0.274243,0.936572,0.548059,0.971662,0.326167,0.028771,0.164635,0.41892,0.310718,0.314341,0.080299,0.971079,0.513139,0.196765,0.232648,0.668182,0.646239,0.99898,0.621279,0.40511,0.919045,0.949929,0.653592,0.718046,0.785034,0.264771,0.517377,0.752565,0.840821,0.034602,0.804706,0.030254,0.532366,0.319314,0.292211,0.581127,0.242892,0.817951,0.867467,0.964699,0.724656,0.713421,0.419935,0.837618,0.009561,0.52869,0.850264,0.599958,0.63122,0.349642,0.242637,0.863788,0.221847,0.698494,0.461286,0.230882,0.838658,0.278211,0.549447,0.646782,0.044159,0.93399,0.166698,0.362029,0.275843,0.67245,0.016866,0.07515,0.096638,0.882564,0.083049,0.02206,0.607821,0.653127,0.045857,0.183243,0.733314,0.360172,0.269891,0.744017,0.670654,0.288925,0.266185,0.702546,0.184463,0.506481,0.695529,0.891412,0.009021,0.38048,0.310781,0.795061,0.122523,0.142916,0.898464,0.67732,0.36174,0.790179,0.234174,0.376713,0.8013,0.00495,0.274854,0.90343,0.896084,0.096369,0.089891,0.108382,0.971334,0.502864,0.922587,0.362232,0.022602,0.838155,0.845037,0.653564,0.586347,0.766647,0.782491,0.976804,0.378285,0.131164,0.112179,0.980669,0.096636,0.602277,0.828142,0.056023,0.200474,0.599317,0.681095,0.726008,0.377907,0.884566,0.144951,0.736765,0.548567,0.358806,0.266867,0.874236,0.714757,0.251471,0.450893,0.036012,0.20181,0.550986,0.038417,0.872798,0.530724,0.988653,0.500725,0.051461,0.768318,0.258303,0.23258,0.106545,0.42653,0.371522,0.553396,0.133169,0.216459,0.911897,0.770601,0.44235,0.77718,0.860939,0.377283,0.184093,0.615758,0.817021,0.430448,0.509895,0.725149,0.143502,0.499425,0.230503,0.194884,0.426679,0.403161,0.747129,0.57983,0.935358,0.306362,0.6854,0.481609,0.681941,0.264983,0.555071,0.589246,0.954566,0.859973,0.442558,0.768732,0.549187,0.214871,0.60576,0.120613,0.613845,0.039177,0.724713,0.333723,0.771507,0.94359,0.758155,0.474964,0.66776,0.743316,0.347663,0.895435,0.02827,0.676315,0.140399,0.532174,0.628528,0.045106,0.153409,0.529021,0.692374,0.98345,0.05582,0.967959,0.766386,0.598552,0.611949,0.194827,0.399307,0.126874,0.25542,0.221002,0.403239,0.518152,0.902167,0.325132,0.416267,0.707895,0.849264,0.200443,0.847813,0.460908,0.086345,0.964016,0.199968,0.319185,0.738575,0.029747,0.679279,0.851745,0.19234,0.038861,0.189628,0.509986,0.714443,0.578736,0.345652,0.161937,0.678737,0.877833,0.253292,0.63717,0.556177,0.07853,0.582575,0.564918,0.916444,0.128592,0.433655,0.527589,0.687467,0.613851,0.681676,0.825709,0.507971,0.149323,0.903884,0.958404,0.512846,0.682638,0.869586,0.25595,0.750757,0.967688,0.6924,0.787818,0.702826,0.912281,0.24677,0.411755,0.421945,0.176085,0.1157,0.841222,0.709626,0.099026,0.487961,0.997343,0.198241,0.58307,0.40618,0.23543,0.408787,0.971141,0.808313,0.652291,0.219297,0.389127,0.549053,0.60101,0.435444,0.831476,0.536317,0.291934,0.225553,0.504035,0.971591,0.460932,0.182341,0.301987,0.97809,0.762285,0.432631,0.153754,0.340051,0.366959,0.129749,0.205218,0.523118,0.720831,0.469892,0.948201,0.098303,0.876147,0.192932,0.295122,0.773287,0.058975,0.074448,0.317379,0.253575,0.039089,0.803224,0.119879,0.823763,0.688389,0.395839,0.616222,0.733874,0.712448,0.183707,0.099242,0.806327,0.535147,0.139505,0.258431,0.836815,0.14878,0.196446,0.575027,0.784136,0.603129,0.153846,0.279686,0.258778,0.892972,0.001515,0.373334,0.116493,0.040203,0.246243,0.21852,0.26375,0.977096,0.404102,0.608948,0.382785,0.075567,0.580144,0.638257,0.956395,0.774473,0.715926,0.903638,0.575677,0.414883,0.554294,0.204601,0.762601,0.367216,0.546289,0.112596,0.476238,0.15405,0.892413,0.510117,0.808478,0.944093,0.557053,0.798535,0.889697,0.411236,0.101152,0.346657,0.73983,0.426372,0.793267,0.009901,0.029988,0.580501,0.369209,0.834218,0.496846,0.975246,0.401137,