"alpha" <-
structure(c(0.675026,0.284977,0.369689,0.49338,0.628682,0.487265,0.509032,0.712996,0.513771,0.92349,0.139098,0.898531,0.901965,0.624813,0.894456,0.713992,0.971071,0.38011,0.795127,0.358989,0.809827,0.78779,0.025221,0.22783,0.969788,0.66387,0.228389,0.127606,0.733803,0.651091,0.340467,0.200784,0.541035,0.550051,0.321681,0.056162,0.63525,0.691447,0.168756,0.534676,0.978603,0.319475,0.09678,0.241585,0.420365,0.250362,0.235629,0.797702,0.827917,0.598787,0.150916,0.509557,0.179089,0.507535,0.738139,0.322155,0.831026,0.653152,0.677791,0.979645,0.036269,0.329689,0.136659,0.343317,0.040237,0.252656,0.585668,0.61436,0.937635,0.577624,0.288003,0.00076,0.739305,0.140944,0.863887,0.094116,0.561866,0.033031,0.720023,0.301386,0.96913,0.842996,0.081226,0.584645,0.376347,0.209676,0.466398,0.292237,0.589925,0.483987,0.901036,0.262644,0.685947,0.951243,0.308543,0.311996,0.674666,0.942821,0.117832,0.879753,0.704507,0.93062,0.413601,0.119324,0.152486,0.515547,0.682678,0.363714,0.862524,0.352022,0.147491,0.920111,0.971791,0.157656,0.987868,0.104126,0.653477,0.532345,0.009455,0.880579,0.12763,0.332759,0.310294,0.132522,0.923035,0.320204,0.767911,0.063127,0.120624,0.183166,0.947129,0.193971,0.595812,0.835255,0.58791,0.37472,0.927558,0.8664,0.791994,0.460729,0.946373,0.499924,0.0199,0.301171,0.928267,0.23826,0.258945,0.60154,0.33619,0.474065,0.530364,0.144099,0.772059,0.688887,0.874656,0.820119,0.430761,0.137611,0.628333,0.899223,0.772533,0.896118,0.973353,0.230217,0.972873,0.151212,0.914083,0.304053,0.887487,0.087665,0.825143,0.313672,0.628992,0.467435,0.898771,0.856658,0.038155,0.773924,0.472746,0.160108,0.73328,0.048081,0.964172,0.59357,0.595469,0.065886,0.400444,0.785041,0.854081,0.346518,0.790452,0.894446,0.866645,0.690426,0.386484,0.233014,0.764526,0.254658,0.001017,0.319139,0.887474,0.92672,0.461365,0.605571,0.32586,0.625761,0.583558,0.012449,0.01801,0.572412,0.194726,0.42853,0.830427,0.84155,0.475173,0.284041,0.468082,0.039351,0.019148,0.410572,0.809518,0.283177,0.451008,0.280693,0.98083,0.302676,0.815164,0.081561,0.895059,0.250615,0.253573,0.684813,0.568989,0.213762,0.920101,0.15637,0.34721,0.839211,0.328413,0.47846,0.626375,0.373408,0.745584,0.906296,0.981718,0.864107,0.904991,0.065046,0.82676,0.19985,0.917684,0.445255,0.574345,0.162507,0.382438,0.678613,0.914613,0.170014,0.909051,0.626517,0.408823,0.153429,0.939661,0.72538,0.723307,0.842506,0.701054,0.06588,0.250859,0.03528,0.083663,0.80198,0.059098,0.636268,0.751528,0.731708,0.06923,0.922631,0.043835,0.485734,0.895859,0.612365,0.355161,0.436396,0.84918,0.081206,0.159211,0.890312,0.664742,0.236619,0.798938,0.735678,0.532092,0.092207,0.087742,0.506388,0.110969,0.853611,0.730928,0.954726,0.538656,0.891838,0.873391,0.564631,0.446744,0.386425,0.976411,0.497761,0.488515,0.848832,0.629056,0.98699,0.139102,0.007181,0.643074,0.194126,0.389086,0.921856,0.287372,0.769426,0.37365,0.11401,0.173915,0.287368,0.283821,0.940432,0.508237,0.983149,0.234486,0.933352,0.275268,0.715883,0.681744,0.143441,0.642979,0.182703,0.366542,0.265221,0.24325,0.996647,0.917691,0.767188,0.647572,0.991759,0.094731,0.164667,0.779866,0.367524,0.071538,0.396176,0.041862,0.852325,0.303997,0.594797,0.289792,0.309438,0.564461,0.220915,0.66808,0.605124,0.793091,0.047156,0.121223,0.599239,0.566094,0.358468,0.765398,0.584405,0.21561,0.99557,0.324271,0.62005,0.73447,0.636989,0.653642,0.589463,0.325177,0.051012,0.873842,0.676267,0.949707,0.132165,0.159439,0.364614,0.993099,0.192175,0.419984,0.774487,0.42758,0.670984,0.978904,0.110809,0.851211,0.036262,0.333548,0.6926,0.093941,0.882859,0.470951,0.722657,0.682016,0.031289,0.006585,0.309157,0.945416,0.940273,0.642525,0.553373,0.663685,0.91555,0.065838,0.398446,0.164694,0.612596,0.903001,0.689027,0.450376,0.319536,0.3541,0.1924,0.182234,0.210113,0.389093,0.957125,0.233038,0.495443,0.156034,0.419465,0.855807,0.004413,0.097839,0.933113,0.291344,0.976004,0.468371,0.92048,0.881418,0.420482,0.762533,0.422979,0.197646,0.887335,0.354955,0.907938,0.487739,0.023923,0.367642,0.658892,0.383665,0.19382,0.510936,0.864703,0.450938,0.38051,0.662332,0.48611,0.561369,0.066562,0.941588,0.520002,0.765735,0.15063,0.739248,0.232903,0.485523,0.177322,0.774036,0.254366,0.402106,0.211611,0.248339,0.026694,0.042037,0.099081,0.406508,0.103697,0.484513,0.366072,0.249046,0.244433,0.842466,0.012682,0.991522,0.098827,0.981409,0.56444,0.939013,0.152932,0.523855,0.577381,0.010201,0.641458,0.90073,0.563132,0.541176,0.883891,0.736389,0.106316,0.928663,0.097904,0.928912,0.472152,0.225425,0.987552,0.197766,0.230775,0.704272,0.54968,0.524337,0.664799,0.269281,0.483609,0.461594,0.230184,0.649829,0.324371,0.705731,0.422632,0.95513,0.415468,0.763292,0.627308,0.895117,0.845509,0.256887,0.553951,0.996789,0.775805,0.088191,0.548055,0.91849,0.416245,0.015398,0.922874,0.470734,0.953483,0.155267,0.095005,0.210756,0.411262,0.07607,0.119733,0.17782,0.984094,0.622732,0.339366,0.846535,0.871446,0.852586,0.273468,0.598252,0.49333,0.748044,0.222849,0.828879,0.477517,0.840722,0.008396,0.120341,0.468725,0.059009,0.543618,0.287344,0.542641,0.796008,0.489194,0.321754,0.366764,0.531619,0.421015,0.094873,0.344957,0.089673,0.835898,0.639575,0.495024,0.995656,0.885346,0.171231,0.078192,0.633685,0.224067,0.920271,0.557375,0.845676,0.501525,0.79587,0.16037,0.652292,0.069256,0.651164,0.513719,0.331004,0.444151,0.414789,0.094467,0.333607,0.095002,0.060988,0.887429,0.007115,0.621692,0.507431,0.61872,0.896558,0.842238,0.136037,0.447251,0.341515,0.996327,0.98426,0.42163,0.858121,0.936824,0.451659,0.142121,0.76464,0.74783,0.832645,0.735276,0.199038,0.722702,0.563655,0.381062,0.917276,0.230406,0.932886,0.587659,0.504592,0.402564,0.667838,0.246074,0.347132,0.612732,0.773088,0.431579,0.375286,0.227423,0.271279,0.579717,0.834385,0.465923,0.347032,0.741514,0.522691,0.477095,0.486871,0.198851,0.783841,0.165882,0.794556,0.504894,0.667099,0.427873,0.100565,0.378659,0.096442,0.911709,0.954973,0.167724,0.361488,0.581351,0.228674,0.804714,0.38658,0.899408,0.145072,0.641294,0.541406,0.745184,0.838142,0.950875,0.245718,0.736391,0.262589,0.177101,0.452996,0.735585,0.880018,0.077612,0.575559,0.318414,0.793626,0.36896,0.030356,0.964282,0.908774,0.941647,0.787384,0.790313,0.397113,0.225518,0.137468,0.306052,0.763951,0.054061,0.124227,0.226019,0.03183,0.447043,0.545248,0.243832,0.472365,0.54717,0.754125,0.720738,0.636742,0.445151,0.548257,0.209769,0.068294,0.129483,0.33891,0.45154,0.314055,0.098132,0.750943,0.349631,0.968845,0.941076,0.878411,0.176989,0.286136,0.521653,0.962317,0.76706,0.527944,0.65578,0.381905,0.567347,0.881411,0.501193,0.466332,0.465789,0.788179,0.463922,0.41324,0.842732,0.38511,0.880172,0.743741,0.750477,0.52759,0.489013,0.142703,0.965449,0.886658,0.536335,0.924955,0.734189,0.423236,0.016824,0.346675,0.17559,0.345182,0.687112,0.339243,0.177777,0.564721,0.765801,0.536857,0.06072,0.950884,0.058975,0.48195,0.76594,0.21331,0.435878,0.928682,0.041673,0.396268,0.26685,0.775299,0.97633,0.887683,0.109509,0.54945,0.660858,0.16855,0.426414,0.221017,0.644248,0.103249,0.74029,0.113408,0.103978,0.907537,0.520323,0.564986,0.476547,0.740315,0.450852,0.857409,0.364896,0.054356,0.934114,0.506551,0.935315,0.348808,0.673901,0.011008,0.677721,0.905132,0.249481,0.375572,0.335889,0.059386,0.146877,0.28035,0.133281,0.905925,0.124471,0.75408,0.06712,0.076737,0.2881,0.224379,0.392235,0.537703,0.491349,0.265562,0.939386,0.426,0.384564,0.736531,0.35852,0.368961,0.556761,0.945963,0.659164,0.636091,0.67373,0.47044,0.501688,0.313523,0.12648,0.37729,0.462683,0.941708,0.125171,0.155502,0.107029,0.813438,0.54456,0.411552,0.343781,0.748023,0.23869,0.033741,0.126586,0.818453,0.135022,0.711598,0.655815,0.339593,0.771191,0.722208,0.081465,0.79949,0.05319,0.415389,0.835081,0.976231,0.66536,0.483299,0.745035,0.308108,0.745495,0.299612,0.349178,0.277085,0.248941,0.777067,0.229952,0.643895,0.882703,0.762983,0.871861,0.418586,0.265285,0.02752,0.886996,0.897391,0.836261,0.458176,0.935981,0.017145,0.060028,0.500872,0.896171,0.155679,0.228526,0.959813,0.271615,0.63647,0.637883,0.483677,0.610405,0.942757,