"alpha" <-
structure(c(0.802694,0.807409,0.874447,0.62106,0.936272,0.226634,0.427648,0.830728,0.242877,0.829905,0.27554,0.383599,0.438701,0.139672,0.308671,0.772407,0.034535,0.352115,0.724968,0.40851,0.825691,0.018455,0.76472,0.758438,0.325861,0.351559,0.575747,0.633375,0.015095,0.84026,0.018182,0.171214,0.104424,0.482434,0.364884,0.367336,0.485685,0.420871,0.326044,0.420857,0.697186,0.143859,0.907534,0.811278,0.270903,0.905012,0.584112,0.198645,0.668279,0.838139,0.234019,0.653055,0.103457,0.673881,0.327297,0.861477,0.554215,0.853143,0.89732,0.176629,0.4282,0.784053,0.30958,0.996998,0.11503,0.554268,0.471539,0.812147,0.609575,0.309654,0.493241,0.391791,0.164697,0.681066,0.873857,0.995718,0.352009,0.560661,0.050443,0.44611,0.982385,0.214184,0.436479,0.552593,0.224152,0.110704,0.668853,0.69748,0.485,0.343645,0.957691,0.760792,0.730013,0.633337,0.44796,0.481306,0.083034,0.497278,0.214993,0.56162,0.23819,0.38732,0.797409,0.002591,0.378431,0.124565,0.945005,0.739812,0.053605,0.59081,0.799807,0.119258,0.147735,0.267887,0.759833,0.750351,0.692835,0.549512,0.550309,0.231221,0.558973,0.040059,0.534685,0.230685,0.213037,0.884107,0.955141,0.356613,0.093009,0.743921,0.039124,0.362886,0.197696,0.003846,0.679085,0.07902,0.337904,0.266036,0.792836,0.224069,0.730513,0.587552,0.810016,0.360901,0.140031,0.68726,0.465726,0.531068,0.558106,0.625462,0.895414,0.092548,0.739279,0.887822,0.011286,0.786666,0.268902,0.983019,0.785361,0.677807,0.909562,0.279359,0.766944,0.080118,0.321805,0.536015,0.935463,0.482708,0.191033,0.63995,0.525973,0.488647,0.326582,0.172136,0.005679,0.692689,0.427598,0.950174,0.849873,0.102428,0.585715,0.834751,0.457081,0.970398,0.863055,0.930844,0.277747,0.939135,0.442007,0.149952,0.418993,0.920799,0.416109,0.557745,0.141576,0.775413,0.94451,0.792753,0.476956,0.568151,0.884105,0.61895,0.769731,0.115473,0.18702,0.297523,0.812836,0.402814,0.512951,0.95469,0.000585,0.010863,0.194092,0.536427,0.847858,0.00253,0.86397,0.170286,0.068778,0.831536,0.298551,0.244389,0.412248,0.581502,0.916681,0.812921,0.539385,0.087156,0.813037,0.818218,0.516975,0.239625,0.610262,0.268051,0.229756,0.27249,0.723431,0.223111,0.389186,0.480977,0.436148,0.029429,0.953526,0.916353,0.364433,0.41465,0.514534,0.50352,0.66366,0.254848,0.480124,0.523136,0.644328,0.567149,0.51696,0.526438,0.348699,0.886891,0.750949,0.737341,0.431326,0.858161,0.042794,0.525019,0.455827,0.844143,0.886483,0.904888,0.466567,0.743433,0.188967,0.14903,0.729805,0.829249,0.978623,0.266459,0.412446,0.989404,0.151317,0.80724,0.659776,0.199453,0.665209,0.788194,0.593563,0.711963,0.850792,0.276468,0.628859,0.51911,0.906725,0.044178,0.935788,0.301157,0.468344,0.113303,0.514459,0.980344,0.722382,0.053469,0.755378,0.597686,0.742447,0.174741,0.953972,0.108548,0.185683,0.85919,0.330376,0.224324,0.41739,0.951173,0.213638,0.431942,0.032107,0.987131,0.500064,0.422986,0.233145,0.064235,0.933357,0.76026,0.676952,0.804617,0.191518,0.685389,0.243871,0.40246,0.123134,0.582872,0.175842,0.376323,0.534858,0.491716,0.941526,0.318237,0.071566,0.89639,0.629261,0.984846,0.643473,0.933883,0.906092,0.640373,0.461966,0.28708,0.898853,0.166576,0.284827,0.579731,0.993718,0.020972,0.01835,0.14989,0.408247,0.01327,0.00159,0.314916,0.238538,0.359195,0.754697,0.907677,0.252627,0.522535,0.370688,0.894881,0.869535,0.414546,0.677312,0.661857,0.7361,0.405014,0.557278,0.375893,0.710227,0.356185,0.726438,0.265548,0.23047,0.991353,0.753823,0.788161,0.202002,0.73522,0.62843,0.953324,0.542719,0.204638,0.761598,0.75454,0.05678,0.324057,0.56225,0.279424,0.603489,0.126054,0.340439,0.562152,0.3269,0.51398,0.524227,0.696833,0.183008,0.148676,0.715517,0.587901,0.142221,0.557039,0.28683,0.688127,0.648724,0.116772,0.345236,0.416349,0.893878,0.297862,0.544568,0.401163,0.731635,0.745018,0.036682,0.621817,0.989827,0.98039,0.404934,0.039952,0.32037,0.684822,0.636735,0.629681,0.104911,0.210063,0.759059,0.515678,0.301863,0.690269,0.831216,0.296832,0.790891,0.058846,0.653724,0.780731,0.091839,0.393893,0.633518,0.967086,0.933923,0.022616,0.321834,0.449071,0.854078,0.840829,0.612744,0.137841,0.237663,0.841645,0.737454,0.988455,0.646877,0.14959,0.789283,0.408502,0.416154,0.235957,0.442369,0.348854,0.68564,0.150041,0.401679,0.00618,0.752142,0.452128,0.409401,0.334411,0.398833,0.393938,0.975896,0.46007,0.230658,0.329338,0.630463,0.630422,0.157014,0.010153,0.266606,0.512108,0.754125,0.315132,0.416488,0.250244,0.740761,0.334464,0.677472,0.242305,0.6964,0.235365,0.609027,0.496339,0.292623,0.243575,0.114563,0.457985,0.190106,0.050841,0.112117,0.881401,0.984553,0.899106,0.600251,0.887802,0.905348,0.762675,0.734429,0.526757,0.706422,0.305588,0.649517,0.35219,0.650263,0.201432,0.591204,0.447662,0.31605,0.680266,0.164954,0.704805,0.904223,0.47822,0.006425,0.335401,0.351089,0.645395,0.88435,0.276423,0.685733,0.539345,0.042742,0.304819,0.326772,0.957565,0.543823,0.147174,0.348764,0.34911,0.663656,0.364065,0.996506,0.373156,0.359993,0.688571,0.387163,0.181731,0.914222,0.863769,0.937843,0.621536,0.257738,0.022002,0.375112,0.722432,0.734235,0.181616,0.09861,0.168011,0.510599,0.512222,0.610069,0.429679,0.814293,0.997145,0.4736,0.299081,0.032111,0.742442,0.034379,0.160396,0.016464,0.312182,0.675741,0.309378,0.63383,0.24286,0.471488,0.624847,0.703816,0.911512,0.368945,0.142283,0.312134,0.955536,0.969034,0.053929,0.896271,0.228519,0.65189,0.707995,0.408145,0.20884,0.853352,0.788369,0.227233,0.272116,0.91321,0.05894,0.798439,0.835459,0.347216,0.144229,0.077,0.799765,0.992837,0.229671,0.710323,0.707785,0.3352,0.844044,0.005098,0.549097,0.082097,0.214854,0.908611,0.910178,0.052489,0.286432,0.360879,0.98566,0.776174,0.408606,0.360482,0.130181,0.678138,0.636568,0.871461,0.245943,0.29991,0.483739,0.048932,0.854542,0.448022,0.02868,0.113549,0.876595,0.937485,0.125444,0.57597,0.290233,0.08598,0.966649,0.746244,0.132778,0.288777,0.642703,0.597114,0.676671,0.814417,0.855822,0.162411,0.724575,0.771693,0.882966,0.875488,0.957016,0.229761,0.754253,0.808166,0.447124,0.590898,0.45348,0.698257,0.760986,0.773125,0.100267,0.688426,0.773326,0.589607,0.42137,0.981932,0.737797,0.019567,0.25355,0.380908,0.577465,0.244092,0.883847,0.654221,0.807626,0.35565,0.198707,0.41823,0.677156,0.152134,0.645411,0.525369,0.699872,0.82469,0.578856,0.236583,0.42625,0.987119,0.140554,0.437954,0.712798,0.027846,0.748701,0.433729,0.817082,0.797233,0.455988,0.417307,0.92487,0.548325,0.092681,0.72818,0.343153,0.823481,0.398368,0.900122,0.484234,0.274626,0.66123,0.619053,0.661216,0.668532,0.224044,0.179394,0.641371,0.011857,0.930789,0.424361,0.090164,0.064692,0.777932,0.314064,0.539607,0.292873,0.480321,0.460992,0.312296,0.716125,0.638813,0.760631,0.883588,0.902787,0.380064,0.968738,0.306321,0.795306,0.499363,0.517234,0.185652,0.833446,0.009453,0.66224,0.659289,0.802291,0.461365,0.491882,0.412038,0.217603,0.851967,0.767723,0.761108,0.247154,0.592249,0.476084,0.567038,0.414926,0.322721,0.306227,0.592805,0.440935,0.599737,0.424843,0.624068,0.184149,0.341807,0.677741,0.896876,0.496681,0.180327,0.127862,0.651831,0.895853,0.856341,0.356753,0.846188,0.89376,0.081147,0.718411,0.279744,0.954148,0.466467,0.942869,0.426781,0.7699,0.726796,0.566645,0.685839,0.34359,0.665265,0.321662,0.097176,0.062025,0.45214,0.636662,0.031388,0.360094,0.175129,0.214529,0.829278,0.468762,0.523228,0.936683,0.693776,0.582018,0.988759,0.796985,0.847733,0.594284,0.67863,0.829424,0.10654,0.221284,0.200178,0.842569,0.775391,0.90486,0.104935,0.881497,0.664289,0.587359,0.650808,0.856178,0.066799,0.551634,0.943437,0.695822,0.062915,0.324967,0.846332,0.450271,0.08948,0.590014,0.464495,0.47973,0.506689,0.198744,0.463189,0.64288,0.834448,0.514653,0.591251,0.594689,0.759084,0.734551,0.60762,0.552385,0.270325,0.337686,0.80762,0.282903,0.646988,0.49859,0.064057,0.547977,0.802162,0.966501,0.274022,0.113936,0.601906,0.508707,0.952238,0.947699,0.047005,0.388484,0.933574,0.999122,0.794163,0.365989,0.591983,0.401824,0.504332,0.296986,0.170057,0.438152,0.345141,0.754561,0.552245,0.841569,0.095813,0.064025,0.735765,0.327222,0.662251,0.22949,0.304708,0.159641,0.440319,0.672071,