"alpha" <-
structure(c(0.872038,0.619123,0.137786,0.300648,0.542193,0.911756,0.9184,0.191852,0.923534,0.91145,0.486838,0.770252,0.177698,0.429585,0.874162,0.762987,0.913543,0.640167,0.082141,0.814216,0.890594,0.660862,0.731966,0.718819,0.403004,0.63993,0.204068,0.685441,0.07865,0.299231,0.091554,0.137419,0.791112,0.675346,0.33539,0.9052,0.081001,0.44487,0.393403,0.738965,0.76568,0.218185,0.490788,0.451028,0.631682,0.688428,0.729218,0.298423,0.661732,0.639588,0.196351,0.157098,0.498528,0.91377,0.356347,0.576741,0.251431,0.72614,0.279586,0.505361,0.679169,0.851813,0.913362,0.542494,0.174762,0.184365,0.281757,0.806646,0.278854,0.782856,0.269172,0.886337,0.364985,0.226936,0.275975,0.60444,0.47596,0.366494,0.797746,0.576738,0.544751,0.875474,0.307255,0.73148,0.728356,0.392401,0.561039,0.118269,0.098555,0.527718,0.751251,0.89061,0.166916,0.561941,0.472452,0.060712,0.35341,0.195964,0.764856,0.330094,0.52568,0.199084,0.591784,0.286674,0.638671,0.670293,0.723336,0.455487,0.125439,0.256079,0.872004,0.18714,0.793235,0.534508,0.946521,0.120358,0.44841,0.145987,0.915708,0.054171,0.747419,0.785573,0.831825,0.125992,0.409804,0.283883,0.770062,0.438272,0.869583,0.213662,0.287423,0.180985,0.172462,0.832363,0.571734,0.544874,0.180459,0.817728,0.60985,0.365857,0.511925,0.411627,0.11837,0.265925,0.160987,0.215517,0.265957,0.42554,0.094689,0.862444,0.900308,0.491778,0.490327,0.353947,0.860048,0.382322,0.150082,0.752227,0.400765,0.267522,0.413521,0.136809,0.168776,0.897846,0.910521,0.567688,0.103802,0.261302,0.367843,0.789075,0.063863,0.088721,0.202091,0.634204,0.70855,0.632971,0.455831,0.542308,0.316689,0.720224,0.22006,0.668098,0.21516,0.381636,0.613057,0.752205,0.123013,0.886447,0.748141,0.488112,0.442273,0.452105,0.325715,0.507658,0.509694,0.785865,0.765348,0.629886,0.390748,0.780422,0.529543,0.365654,0.895101,0.838349,0.545141,0.610228,0.57834,0.236968,0.321122,0.473831,0.257439,0.809878,0.225288,0.25333,0.203637,0.254898,0.442129,0.329992,0.881042,0.437187,0.216335,0.864393,0.931774,0.444983,0.150007,0.282258,0.417848,0.585406,0.285991,0.592559,0.690094,0.249572,0.155676,0.317008,0.3369,0.43175,0.507072,0.126964,0.286234,0.770913,0.076298,0.885969,0.707298,0.489748,0.570673,0.263555,0.462964,0.91678,0.542125,0.519022,0.258435,0.490008,0.611654,0.661222,0.405964,0.380693,0.939184,0.083965,0.846651,0.871958,0.766565,0.138841,0.285684,0.351821,0.661755,0.172898,0.699105,0.146086,0.638382,0.494757,0.751147,0.693533,0.863349,0.85183,0.350747,0.678871,0.228029,0.077487,0.719667,0.50002,0.48193,0.86425,0.59888,0.6059,0.823498,0.77494,0.569049,0.21463,0.265939,0.847861,0.075807,0.490911,0.201134,0.930813,0.691425,0.500424,0.47398,0.103657,0.663775,0.088188,0.114301,0.519485,0.137057,0.786334,0.785792,0.700196,0.184879,0.643645,0.516735,0.925677,0.634092,0.770298,0.458418,0.439152,0.792782,0.125123,0.169854,0.20605,0.401844,0.798242,0.773028,0.104424,0.409332,0.524188,0.42512,0.641174,0.615176,0.312786,0.438486,0.063938,0.935657,0.200452,0.145595,0.385169,0.228307,0.490719,0.355544,0.906467,0.878299,0.097409,0.714072,0.292207,0.430552,0.543084,0.898463,0.42597,0.934747,0.321309,0.680989,0.649705,0.535214,0.678295,0.649875,0.210319,0.165213,0.949172,0.204009,0.079341,0.55508,0.84368,0.652258,0.22139,0.382025,0.464653,0.933474,0.190764,0.819971,0.630288,0.388645,0.221831,0.435428,0.48382,0.15855,0.580557,0.253569,0.396157,0.574688,0.276626,0.311397,0.605382,0.288753,0.791939,0.934397,0.707224,0.359489,0.575662,0.146992,0.865677,0.841688,0.785985,0.284655,0.584921,0.070261,0.432733,0.331447,0.195336,0.21089,0.430597,0.134806,0.588671,0.473832,0.676354,0.679899,0.624678,0.080243,0.111925,0.33764,0.527778,0.639001,0.416857,0.787983,0.696523,0.921784,0.528201,0.342631,0.145066,0.599863,0.750922,0.431108,0.131741,0.289824,0.188291,0.302905,0.446077,0.524428,0.461682,0.837834,0.516247,0.89926,0.623938,0.911925,0.266636,0.65851,0.310158,0.654627,0.675626,0.111193,0.279311,0.251636,0.651049,0.809953,0.360016,0.752468,0.657799,0.056044,0.591953,0.398094,0.874392,0.051036,0.466204,0.431914,0.464825,0.743144,0.340225,0.756265,0.474221,0.082186,0.208287,0.699582,0.476137,0.187449,0.357012,0.59665,0.222571,0.714584,0.268565,0.875682,0.292155,0.73895,0.219796,0.308748,0.132002,0.568588,0.665027,0.541934,0.433156,0.629999,0.632856,0.661115,0.622208,0.900657,0.238041,0.688354,0.262608,0.157457,0.596574,0.455124,0.462853,0.64575,0.743257,0.365196,0.645809,0.424543,0.807736,0.799625,0.280797,0.602115,0.574024,0.536665,0.832947,0.288301,0.336267,0.157293,0.895847,0.630997,0.481517,0.625385,0.540244,0.63258,0.539497,0.698942,0.520246,0.944334,0.246809,0.145218,0.148728,0.107232,0.414122,0.453536,0.379235,0.737154,0.615107,0.744782,0.889568,0.925467,0.222826,0.174987,0.67664,0.134438,0.522864,0.52731,0.825026,0.486368,0.404111,0.654288,0.717132,0.518047,0.362941,0.184998,0.577483,0.285931,0.090009,0.72944,0.268507,0.448162,0.669016,0.373305,0.712706,0.405237,0.665074,0.683643,0.448075,0.06762,0.347772,0.431879,0.293243,0.227348,0.789549,0.436929,0.848994,0.402065,0.742203,0.407112,0.777663,0.729569,0.389656,0.244417,0.761366,0.904374,0.344809,0.654138,0.44478,0.800151,0.741969,0.200528,0.825782,0.940885,0.512981,0.845853,0.579223,0.189277,0.229877,0.416259,0.723835,0.793025,0.760967,0.336672,0.530658,0.130956,0.150535,0.172663,0.660787,0.495659,0.220739,0.495505,0.182847,0.099477,0.815641,0.554504,0.886648,0.677,0.574512,0.783857,0.841113,0.94002,0.05047,0.828895,0.60131,0.940955,0.524912,0.481571,0.771213,0.255059,0.498285,0.860767,0.567195,0.81066,0.714776,0.577388,0.272061,0.649775,0.125135,0.613364,0.64485,0.706777,0.851677,0.934073,0.742126,0.573302,0.885482,0.572081,0.065285,0.158774,0.82644,0.485867,0.81037,0.238465,0.547062,0.616895,0.078792,0.603242,0.37617,0.094579,0.490613,0.223259,0.160775,0.234945,0.181863,0.220165,0.088387,0.621678,0.30368,0.534737,0.675647,0.499204,0.532221,0.450665,0.161539,0.491322,0.817698,0.836535,0.293265,0.237615,0.558482,0.626281,0.425326,0.235378,0.90314,0.123864,0.145138,0.177837,0.199814,0.608863,0.566339,0.09687,0.888081,0.705796,0.714057,0.107064,0.824397,0.890965,0.935958,0.823045,0.757003,0.51204,0.209842,0.408731,0.170538,0.077801,0.895228,0.321175,0.31598,0.349643,0.470361,0.633379,0.072705,0.807986,0.553129,0.81869,0.363091,0.451424,0.098816,0.209397,0.646527,0.347746,0.858638,0.15634,0.939576,0.535984,0.686226,0.949542,0.309064,0.42307,0.468356,0.737561,0.786384,0.140199,0.210305,0.373671,0.101034,0.519697,0.352264,0.208102,0.238052,0.864638,0.657852,0.471621,0.870919,0.14361,0.720991,0.712641,0.555675,0.215775,0.58749,0.319943,0.170711,0.241341,0.855448,0.114308,0.268238,0.098379,0.44755,0.061955,0.857472,0.226992,0.134033,0.32663,0.460452,0.141502,0.945851,0.348884,0.317612,0.105841,0.31842,0.091716,0.504885,0.735283,0.617963,0.130902,0.122776,0.749516,0.864621,0.530395,0.148239,0.793228,0.354288,0.314576,0.721682,0.059303,0.093603,0.651125,0.593121,0.523492,0.706739,0.686528,0.753239,0.309179,0.673279,0.551003,0.406869,0.105432,0.752158,0.353825,0.597079,0.717129,0.144332,0.1651,0.544586,0.486706,0.851428,0.769064,0.710907,0.096199,0.115597,0.129675,0.768516,0.898707,0.665344,0.168875,0.700452,0.149318,0.155744,0.626646,0.345933,0.638431,0.724218,0.574867,0.716029,0.261344,0.711462,0.923539,0.830237,0.127611,0.379793,0.382279,0.666526,0.588147,0.760428,0.380888,0.235425,0.128,0.744741,0.235107,0.399444,0.546601,0.256058,0.627747,0.486032,0.186661,0.753739,0.140546,0.31466,0.263636,0.527785,0.132349,0.414784,0.144362,0.151056,0.755985,0.312413,0.59318,0.91798,0.439236,0.675277,0.732289,0.439378,0.639948,0.14878,0.890384,0.218715,0.289561,0.768047,0.488843,0.742062,0.406406,0.295645,0.083511,0.655965,0.436608,0.456565,0.598871,0.103463,0.33423,0.74545,0.67679,0.162799,0.167136,0.133117,0.057038,0.430798,0.640016,0.70063,0.528088,0.147936,0.61859,0.16385,0.170873,0.138735,0.177825,0.201426,0.226624,0.335732,0.334786,0.245807,0.275938,0.85363,0.682901,0.550164,0.21599,0.240828,0.119612,0.87242,0.686044,0.55201,0.332086,0.199583,0.610248,0.939141,